-35.9467     103.503
-35.8757     103.497
-35.8049     103.493
-35.7344     103.491
-35.6644     103.493
-35.5946     103.496
-35.525     103.501
-35.4548     103.502
-35.3846     103.502
-35.314     103.499
-35.2433     103.496
-35.1729     103.494
-35.1025     103.493
-35.0321     103.492
-34.9613     103.487
-34.8907     103.484
-34.8201     103.481
-34.7495     103.478
-34.6793     103.479
-34.6096     103.484
-34.5404     103.492
-34.4708     103.497
-34.4008     103.498
-34.3298     103.492
-34.2584     103.483
-34.1872     103.475
-34.1166     103.472
-34.0466     103.474
-33.9768     103.477
-33.9066     103.478
-33.8362     103.476
-33.7658     103.475
-33.6955     103.475
-33.6253     103.475
-33.5546     103.471
-33.4836     103.465
-33.4124     103.457
-33.3415     103.451
-33.2709     103.448
-33.2009     103.45
-33.1305     103.448
-33.0601     103.447
-32.9896     103.444
-32.9197     103.444
-32.8502     103.447
-32.7806     103.451
-32.7111     103.454
-32.6412     103.454
-32.5713     103.454
-32.5008     103.449
-32.4304     103.445
-32.3598     103.438
-32.2895     103.435
-32.2194     103.434
-32.1493     103.432
-32.0793     103.431
-32.0094     103.431
-31.9395     103.431
-31.8701     103.436
-31.8002     103.436
-31.7303     103.436
-31.6599     103.431
-31.5896     103.428
-31.5192     103.423
-31.4491     103.422
-31.3792     103.422
-31.3095     103.424
-31.2398     103.425
-31.1703     103.429
-31.1004     103.429
-31.0305     103.429
-30.9606     103.429
-30.8903     103.426
-30.8203     103.424
-30.75     103.421
-30.68     103.42
-30.6101     103.42
-30.54     103.418
-30.4699     103.417
-30.3993     103.411
-30.3291     103.407
-30.2588     103.404
-30.1884     103.4
-30.118     103.395
-30.0476     103.39
-29.9771     103.386
-29.9067     103.384
-29.8363     103.382
-29.7658     103.379
-29.6952     103.376
-29.6246     103.372
-29.5544     103.372
-29.4844     103.374
-29.4145     103.377
-29.3448     103.381
-29.2754     103.389
-29.2059     103.395
-29.136     103.398
-29.0658     103.398
-28.9956     103.398
-28.9255     103.399
-28.8554     103.401
-28.7852     103.401
-28.7148     103.399
-28.6441     103.394
-28.5736     103.391
-28.503     103.387
-28.4327     103.386
-28.3623     103.384
-28.2913     103.376
-28.2199     103.365
-28.1484     103.352
-28.0774     103.344
-28.0069     103.34
-27.9369     103.342
-27.867     103.345
-27.7968     103.345
-27.7269     103.348
-27.657     103.351
-27.5871     103.354
-27.5168     103.352
-27.4461     103.347
-27.3751     103.339
-27.304     103.329
-27.2333     103.325
-27.163     103.323
-27.0929     103.324
-27.0231     103.327
-26.9534     103.33
-26.8835     103.33
-26.8138     103.332
-26.744     103.333
-26.6739     103.33
-26.6032     103.322
-26.5328     103.316
-26.4626     103.313
-26.3927     103.313
-26.3231     103.316
-26.2533     103.316
-26.1835     103.317
-26.114     103.32
-26.0441     103.32
-25.9739     103.317
-25.9033     103.309
-25.8329     103.303
-25.7626     103.298
-25.6928     103.299
-25.6232     103.303
-25.5538     103.307
-25.4842     103.31
-25.4143     103.31
-25.344     103.306
-25.2739     103.302
-25.2037     103.299
-25.1337     103.298
-25.0637     103.296
-24.9938     103.296
-24.924     103.296
-24.8541     103.296
-24.7844     103.297
-24.7142     103.294
-24.6439     103.289
-24.5736     103.285
-24.5034     103.28
-24.4334     103.278
-24.3635     103.278
-24.2935     103.277
-24.2233     103.273
-24.1533     103.272
-24.0833     103.27
-24.0131     103.265
-23.9427     103.261
-23.8725     103.257
-23.8025     103.257
-23.733     103.262
-23.6636     103.268
-23.5937     103.27
-23.5234     103.265
-23.4529     103.259
-23.3823     103.251
-23.3122     103.249
-23.2428     103.255
-23.1733     103.261
-23.1035     103.263
-23.0329     103.255
-22.9623     103.247
-22.8919     103.242
-22.822     103.242
-22.7522     103.244
-22.6822     103.244
-22.6123     103.244
-22.5422     103.242
-22.4718     103.237
-22.4011     103.228
-22.3307     103.221
-22.2605     103.218
-22.1906     103.22
-22.1208     103.221
-22.051     103.223
-21.981     103.223
-21.911     103.221
-21.8408     103.218
-21.7703     103.211
-21.6999     103.205
-21.6294     103.199
-21.5594     103.197
-21.4896     103.198
-21.4201     103.205
-21.3509     103.214
-21.2813     103.219
-21.2111     103.216
-21.1405     103.206
-21.07     103.2
-20.9998     103.196
-20.9298     103.195
-20.8596     103.191
-20.7896     103.191
-20.7198     103.193
-20.65     103.194
-20.5799     103.193
-20.5097     103.189
-20.4396     103.188
-20.3698     103.189
-20.3001     103.192
-20.23     103.191
-20.1596     103.184
-20.0889     103.175
-20.0185     103.168
-19.9485     103.167
-19.8786     103.168
-19.8088     103.17
-19.7391     103.173
-19.6695     103.177
-19.6     103.183
-19.5302     103.187
-19.4603     103.186
-19.39     103.182
-19.3196     103.175
-19.2493     103.17
-19.1792     103.167
-19.1091     103.165
-19.0393     103.167
-18.9695     103.17
-18.8998     103.173
-18.8301     103.176
-18.7603     103.179
-18.6904     103.179
-18.6202     103.176
-18.5501     103.173
-18.4798     103.168
-18.4096     103.163
-18.3391     103.155
-18.2685     103.145
-18.1981     103.137
-18.1276     103.129
-18.0575     103.126
-17.9874     103.123
-17.9176     103.123
-17.8478     103.123
-17.7785     103.13
-17.7089     103.133
-17.6394     103.138
-17.5696     103.138
-17.4997     103.136
-17.4296     103.131
-17.3597     103.13
-17.2898     103.128
-17.22     103.128
-17.1502     103.128
-17.0802     103.124
-17.0101     103.12
-16.9401     103.115
-16.87     103.11
-16.8003     103.111
-16.7306     103.113
-16.6609     103.114
-16.5911     103.114
-16.5212     103.112
-16.4512     103.109
-16.3813     103.106
-16.3115     103.106
-16.2414     103.101
-16.1713     103.096
-16.1012     103.09
-16.031     103.083
-15.9611     103.08
-15.8915     103.083
-15.8221     103.089
-15.7526     103.095
-15.683     103.098
-15.6131     103.097
-15.5431     103.092
-15.473     103.085
-15.4029     103.081
-15.3329     103.077
-15.2629     103.072
-15.193     103.071
-15.1232     103.069
-15.0533     103.067
-14.9834     103.066
-14.9133     103.067
-14.8431     103.067
-14.7732     103.07
-14.7031     103.072
-14.6332     103.076
-14.5631     103.078
-14.493     103.078
-14.4227     103.074
-14.3526     103.076
-14.2825     103.077
-14.2124     103.077
-14.142     103.072
-14.0715     103.066
-14.0008     103.055
-13.9302     103.047
-13.8597     103.039
-13.7893     103.034
-13.7192     103.034
-13.6492     103.037
-13.5793     103.043
-13.5097     103.053
-13.4398     103.057
-13.3698     103.06
-13.2994     103.056
-13.2289     103.049
-13.1584     103.041
-13.0879     103.035
-13.0177     103.031
-12.9476     103.033
-12.8775     103.034
-12.8075     103.037
-12.7375     103.041
-12.6674     103.04
-12.5972     103.04
-12.5269     103.035
-12.4564     103.029
-12.3859     103.021
-12.3156     103.016
-12.2455     103.018
-12.1757     103.026
-12.106     103.033
-12.0361     103.04
-11.9661     103.039
-11.8959     103.035
-11.8255     103.024
-11.7552     103.014
-11.6851     103.009
-11.6151     103.006
-11.5453     103.009
-11.4756     103.012
-11.4057     103.014
-11.3358     103.013
-11.2658     103.01
-11.1957     103.004
-11.1254     102.994
-11.0551     102.985
-10.9849     102.978
-10.915     102.977
-10.8452     102.98
-10.7755     102.984
-10.7059     102.991
-10.6361     102.992
-10.5662     102.992
-10.4961     102.986
-10.426     102.981
-10.3559     102.976
-10.2859     102.971
-10.2158     102.966
-10.1458     102.961
-10.0757     102.955
-10.0055     102.949
-9.93539     102.941
-9.86536     102.936
-9.79549     102.936
-9.72573     102.939
-9.65596     102.942
-9.58609     102.942
-9.51606     102.937
-9.44604     102.932
-9.37622     102.934
-9.30641     102.935
-9.23664     102.938
-9.16682     102.94
-9.0969     102.938
-9.02708     102.939
-8.95731     102.941
-8.88758     102.943
-8.8178     102.942
-8.74797     102.941
-8.67809     102.938
-8.60831     102.938
-8.53858     102.939
-8.46894     102.944
-8.3992     102.945
-8.32937     102.944
-8.25946     102.939
-8.18959     102.936
-8.11977     102.934
-8.0499     102.931
-7.98008     102.929
-7.91018     102.924
-7.84028     102.92
-7.77042     102.916
-7.70065     102.916
-7.63099     102.921
-7.56126     102.923
-7.49152     102.924
-7.42167     102.921
-7.35178     102.916
-7.28189     102.911
-7.21207     102.91
-7.1423     102.91
-7.07257     102.911
-7.00276     102.91
-6.93298     102.91
-6.86321     102.91
-6.79344     102.91
-6.7236     102.906
-6.65372     102.902
-6.58388     102.898
-6.51418     102.901
-6.44455     102.908
-6.37491     102.914
-6.3051     102.912
-6.2352     102.906
-6.16526     102.898
-6.09543     102.895
-6.02563     102.893
-5.95566     102.895
-5.88553     102.895
-5.81536     102.893
-5.74523     102.893
-5.67513     102.895
-5.60505     102.898
-5.53488     102.896
-5.46472     102.894
-5.39456     102.893
-5.32443     102.893
-5.25435     102.896
-5.18421     102.896
-5.11405     102.894
-5.04379     102.886
-4.9735     102.877
-4.90325     102.869
-4.8331     102.867
-4.76304     102.872
-4.69301     102.878
-4.6229     102.879
-4.55268     102.873
-4.48237     102.86
-4.4121     102.849
-4.34191     102.844
-4.27179     102.844
-4.20175     102.851
-4.13167     102.854
-4.06156     102.855
-3.99144     102.855
-3.92132     102.855
-3.85118     102.853
-3.78098     102.847
-3.71082     102.844
-3.64067     102.841
-3.57056     102.842
-3.50046     102.844
-3.43036     102.845
-3.36027     102.848
-3.29018     102.851
-3.22008     102.854
-3.14996     102.854
-3.07982     102.853
-3.00967     102.85
-2.94001     102.851
-2.87044     102.855
-2.80085     102.858
-2.73123     102.857
-2.66159     102.852
-2.59194     102.845
-2.52229     102.839
-2.45264     102.832
-2.38296     102.821
-2.31331     102.813
-2.24365     102.803
-2.17404     102.801
-2.10445     102.801
-2.0349     102.81
-1.96532     102.813
-1.89574     102.816
-1.82613     102.813
-1.75653     102.814
-1.68694     102.815
-1.61735     102.817
-1.54773     102.81
-1.47809     102.8
-1.40847     102.794
-1.33887     102.792
-1.26929     102.797
-1.19972     102.803
-1.13013     102.804
-1.06052     102.801
-0.990913     102.796
-0.921311     102.792
-0.851721     102.794
-0.782127     102.793
-0.712527     102.79
-0.642925     102.784
-0.573326     102.777
-0.503731     102.772
-0.43414     102.77
-0.364551     102.77
-0.294963     102.77
-0.225374     102.77
-0.155786     102.765
-0.0861988     102.761
-0.0166135     102.758
0.0532637     102.756
0.12323     102.755
0.1932     102.754
0.263166     102.754
0.333132     102.753
0.403095     102.75
0.473047     102.745
0.543005     102.74
0.612956     102.737
0.682931     102.74
0.7529     102.741
0.822875     102.744
0.892837     102.743
0.962793     102.741
1.03275     102.74
1.10272     102.739
1.17268     102.739
1.24262     102.736
1.31256     102.731
1.38251     102.728
1.45245     102.725
1.52239     102.723
1.59234     102.722
1.6623     102.722
1.73226     102.722
1.80221     102.72
1.87214     102.717
1.94206     102.712
2.01199     102.709
2.08191     102.704
2.15185     102.702
2.2218     102.702
2.2918     102.707
2.3618     102.711
2.43176     102.711
2.50166     102.707
2.57153     102.699
2.64143     102.694
2.71137     102.692
2.78134     102.694
2.85132     102.697
2.92128     102.697
2.99123     102.697
3.06109     102.698
3.13098     102.703
3.20082     102.703
3.27067     102.704
3.34044     102.699
3.41016     102.691
3.47985     102.682
3.54948     102.667
3.61909     102.653
3.68877     102.643
3.75856     102.642
3.82843     102.645
3.89837     102.653
3.96834     102.662
4.03828     102.67
4.10818     102.674
4.17809     102.679
4.24799     102.684
4.3179     102.688
4.38773     102.688
4.4575     102.685
4.52724     102.68
4.59701     102.677
4.66681     102.675
4.7366     102.674
4.80642     102.673
4.87628     102.675
4.94616     102.678
5.01602     102.679
5.08581     102.678
5.15561     102.676
5.2253     102.67
5.29492     102.66
5.36454     102.65
5.43426     102.646
5.50408     102.646
5.57396     102.649
5.64378     102.648
5.71356     102.647
5.7833     102.644
5.85319     102.647
5.92301     102.646
5.99279     102.645
6.06225     102.638
6.13164     102.63
6.201     102.621
6.27042     102.615
6.33981     102.607
6.40922     102.6
6.47868     102.596
6.54817     102.592
6.6177     102.591
6.68723     102.589
6.75685     102.591
6.82659     102.597
6.89638     102.605
6.96617     102.613
7.03583     102.616
7.10537     102.614
7.17477     102.608
7.24416     102.601
7.31356     102.595
7.38304     102.592
7.45256     102.59
7.52218     102.592
7.5919     102.597
7.66166     102.603
7.73143     102.609
7.80105     102.611
7.87073     102.614
7.94036     102.615
8.01008     102.62
8.07997     102.63
8.14985     102.639
8.2197     102.647
8.28954     102.655
8.35934     102.661
8.42935     102.674
8.49942     102.688
8.56972     102.708
8.64035     102.739
8.71154     102.784
8.78352     102.852
8.85604     102.935
8.92884     103.023
9.00221     103.126
9.0771     103.253
9.15217     103.382
9.22736     103.513
9.30331     103.664
9.37899     103.804
9.4539     103.923
9.52904     104.045
9.60464     104.177
9.67986     104.297
9.75476     104.408
9.83002     104.527
9.90673     104.681
9.98364     104.838
10.06     104.98
10.1354     105.097
10.2102     105.198
10.285     105.296
10.3604     105.409
10.437     105.552
10.5134     105.685
10.5893     105.806
10.6657     105.94
10.7432     106.081
10.8203     106.203
10.897     106.315
10.9744     106.441
11.0515     106.558
11.1277     106.659
11.2039     106.757
11.28     106.853
11.3574     106.972
11.4387     107.164
11.5174     107.306
11.5954     107.432
11.6735     107.559
11.7525     107.702
11.8306     107.826
11.908     107.936
11.9854     108.063
12.062     108.205
12.1386     108.345
12.2153     108.487
12.2919     108.626
12.3681     108.75
12.444     108.865
12.5197     108.976
12.5959     109.097
12.6726     109.225
12.7498     109.364
12.8294     109.555
12.9072     109.702
12.9838     109.821
13.0603     109.935
13.1373     110.046
13.2151     110.155
13.2926     110.259
13.3706     110.37
13.4515     110.528
13.5328     110.693
13.6121     110.822
13.6921     110.961
13.7728     111.111
13.8527     111.247
13.9313     111.359
14.0094     111.462
14.0583     111.089
14.1692     111.726
14.2497     111.863
14.33     111.999
14.4091     112.133
14.4882     112.266
14.567     112.393
14.6449     112.501
14.7196     112.549
14.7853     112.431
14.8645     112.562
14.9426     112.672
15.0214     112.791
15.1017     112.93
15.1828     113.081
15.2642     113.237
15.3451     113.381
15.4252     113.511
15.5055     113.643
15.5866     113.787
15.6683     113.942
15.7491     114.08
15.8299     114.217
15.9107     114.355
15.9913     114.487
16.0719     114.618
16.1533     114.761
16.2346     114.9
16.3145     115.013
16.3924     115.094
16.471     115.183
17.6624     115.493
17.7244     115.321
17.7883     115.178
17.8532     115.052
17.9179     114.923
17.9817     114.783
18.0455     114.645
18.1092     114.509
18.1721     114.363
18.2355     114.223
18.2992     114.091
18.3634     113.966
18.4283     113.85
18.4935     113.742
18.5587     113.633
18.6236     113.521
18.688     113.402
18.7521     113.278
18.8166     113.163
18.8822     113.063
18.948     112.967
19.0133     112.864
19.077     112.738
19.1394     112.595
19.2005     112.434
19.2628     112.289
19.3259     112.158
19.3902     112.044
19.4537     111.931
19.5159     111.808
19.5767     111.67
19.6385     111.544
19.701     111.427
19.763     111.306
19.8235     111.168
19.8842     111.034
19.9465     110.919
20.0095     110.813
20.072     110.704
20.1346     110.594
20.196     110.473
20.2553     110.327
20.3158     110.198
20.3782     110.09
20.4407     109.983
20.5039     109.866
20.5647     109.714
20.6264     109.577
20.6898     109.464
20.7532     109.354
20.8172     109.25
20.882     109.159
20.9464     109.063
21.0101     108.959
21.073     108.843
21.1343     108.708
21.195     108.566
21.2574     108.449
21.3207     108.345
21.3836     108.236
21.4462     108.123
21.5089     108.014
21.5707     107.91
21.6328     107.81
21.6947     107.709
21.7559     107.6
21.816     107.479
21.8753     107.35
21.9349     107.224
21.9953     107.108
22.0561     106.997
22.1163     106.88
22.1752     106.749
22.2334     106.611
22.2936     106.495
22.3548     106.392
22.4158     106.286
22.4762     106.175
22.5366     106.064
22.5972     105.953
22.658     105.842
22.7186     105.729
22.7789     105.613
22.8389     105.494
22.8984     105.37
22.9583     105.251
23.0188     105.138
23.08     105.035
23.1406     104.924
23.2001     104.801
23.2596     104.679
23.3199     104.566
23.3811     104.464
23.4435     104.375
23.506     104.29
23.569     104.209
23.6339     104.151
23.7003     104.111
23.7677     104.081
23.8352     104.054
23.9029     104.029
23.971     104.008
24.0399     103.994
24.1092     103.982
24.1788     103.974
24.2483     103.964
24.3179     103.956
24.3874     103.946
24.4572     103.94
24.5272     103.936
24.5978     103.939
24.6687     103.946
24.7395     103.95
24.81     103.951
24.88     103.948
24.9499     103.943
25.0195     103.935
25.0893     103.928
25.1591     103.923
25.2293     103.921
25.2995     103.92
25.3697     103.918
25.4398     103.916
25.5099     103.913
25.5797     103.908
25.6496     103.903
25.7195     103.898
25.7895     103.894
25.8595     103.891
25.9298     103.891
26.0003     103.892
26.0709     103.895
26.1414     103.896
26.212     103.899
26.2822     103.897
26.3524     103.895
26.4219     103.887
26.4916     103.881
26.5611     103.873
26.631     103.868
26.7011     103.866
26.7716     103.867
26.8419     103.867
26.9121     103.865
26.982     103.862
27.0519     103.858
27.1214     103.853
27.1912     103.85
27.2609     103.846
27.3311     103.847
27.401     103.845
27.4706     103.84
27.539     103.824
27.6055     103.789
27.6723     103.757
27.741     103.744
27.812     103.753
27.8843     103.775
27.9575     103.805
28.0296     103.825
28.1003     103.831
28.1699     103.826
28.2391     103.818
28.3087     103.812
28.3782     103.807
28.4479     103.804
28.5173     103.797
28.587     103.794
28.6567     103.79
28.7269     103.791
28.7971     103.793
28.8671     103.792
28.9375     103.795
29.0075     103.795
29.0779     103.798
29.1478     103.796
29.2175     103.792
29.2863     103.781
29.3558     103.776
29.4259     103.775
29.4966     103.781
29.5671     103.786
29.6373     103.787
29.7072     103.785
29.7771     103.783
29.8469     103.781
29.917     103.781
29.9872     103.782
30.0578     103.783
30.1281     103.78
30.1982     103.775
30.2681     103.768
30.338     103.761
30.4082     103.757
30.4786     103.755
30.5491     103.753
30.6193     103.75
30.6888     103.74
30.758     103.727
30.8273     103.715
30.8969     103.705
30.9673     103.703
31.0384     103.708
31.1103     103.718
31.182     103.727
31.2536     103.736
31.3242     103.736
31.3945     103.732
31.4642     103.724
31.5338     103.716
31.6035     103.707
31.6736     103.702
31.744     103.7
31.814     103.695
31.8844     103.693
31.9548     103.691
32.0256     103.692
32.0964     103.693
32.1672     103.694
32.2372     103.689
32.3074     103.686
32.3774     103.681
32.4476     103.677
32.5179     103.673
32.5881     103.67
32.6583     103.666
32.7285     103.663
32.7989     103.661
32.8695     103.66
32.94     103.66
33.0104     103.658
33.0798     103.651
33.1489     103.643
33.2181     103.635
33.2879     103.632
33.3576     103.629
33.428     103.63
33.4985     103.633
33.5694     103.639
33.6403     103.646
33.7108     103.649
33.7807     103.647
33.8503     103.642
33.9198     103.637
33.9894     103.632
34.0597     103.634
34.13     103.635
34.2004     103.637
34.2701     103.633
34.3392     103.625
34.4086     103.619
34.4783     103.616
34.548     103.612
34.6178     103.609
34.6875     103.606
34.7578     103.607
34.8285     103.612
34.8989     103.613
34.969     103.613
35.0387     103.61
35.1084     103.606
35.1781     103.603
35.2479     103.6
35.3174     103.595
35.3871     103.592
35.4566     103.587
35.5259     103.58
35.5952     103.574
35.6651     103.572
35.7356     103.575
35.8065     103.581
35.8775     103.588
35.948     103.591
